%YAML:1.0
aruco_bc_nmarkers: 10
aruco_bc_mInfoType: 0
aruco_bc_markers:
   - { id:148, corners:[ [ -290., -110., 0. ], [ -190., -110., 0. ], [
       -190., -10., 0. ], [ -290., -10., 0. ] ] }
   - { id:200, corners:[ [ -170., -110., 0. ], [ -70., -110., 0. ], [
       -70., -10., 0. ], [ -170., -10., 0. ] ] }
   - { id:282, corners:[ [ -50., -110., 0. ], [ 50., -110., 0. ], [ 50.,
       -10., 0. ], [ -50., -10., 0. ] ] }
   - { id:329, corners:[ [ 70., -110., 0. ], [ 170., -110., 0. ], [ 170.,
       -10., 0. ], [ 70., -10., 0. ] ] }
   - { id:890, corners:[ [ 190., -110., 0. ], [ 290., -110., 0. ], [
       290., -10., 0. ], [ 190., -10., 0. ] ] }
   - { id:671, corners:[ [ -290., 10., 0. ], [ -190., 10., 0. ], [ -190.,
       110., 0. ], [ -290., 110., 0. ] ] }
   - { id:172, corners:[ [ -170., 10., 0. ], [ -70., 10., 0. ], [ -70.,
       110., 0. ], [ -170., 110., 0. ] ] }
   - { id:561, corners:[ [ -50., 10., 0. ], [ 50., 10., 0. ], [ 50.,
       110., 0. ], [ -50., 110., 0. ] ] }
   - { id:854, corners:[ [ 70., 10., 0. ], [ 170., 10., 0. ], [ 170.,
       110., 0. ], [ 70., 110., 0. ] ] }
   - { id:1017, corners:[ [ 190., 10., 0. ], [ 290., 10., 0. ], [ 290.,
       110., 0. ], [ 190., 110., 0. ] ] }
